"oil.price" "direct.tax" "interest.rate" "saving.ratio" "investment" "rec_dep" "rec_len"
"3" 0.04 -0.05 0.23 -0.04 0.1 6.21657878308917 5.41654368107038
"5" 0.05 0 -0.06 -0.01 0.05 6.47106483018768 5.68758238763426
"6" 0.02 0.05 -0.1 0 -0.09 5.82209884578094 5.5948432353476
"7" -0.12 -0.08 0.19 0.02 0.02 4.60492236581705 4.36607949412828
"8" 0.01 -0.16 0.03 -0.05 0.17 5.70229382778362 4.88657525775913
"9" 0.15 -0.08 -0.01 -0.04 -0.15 6.5847600579102 5.96140164083951
"11" 0.05 0.07 -0.16 0.08 -0.01 7.085497217389 6.32254501270297
"12" -0.08 0.06 0.03 0.1 0.26 6.66339040231641 5.70809139060799
"14" -0.08 0.05 0.08 -0.1 0.02 4.70214772410314 4.78183369678582
"15" 0 0.2 0 -0.23 0.25 5.95970194849181 5.90412662521199
"16" -0.04 0.11 0.26 0.04 0.06 6.16902867616784 5.75832691551987
"17" -0.03 -0.1 -0.06 -0.06 -0.08 4.81053009071711 4.59360511590728
"18" 0.11 -0.08 0.04 0.05 0.06 7.44969384637862 6.13291813488487
"19" -0.1 0.03 -0.2 -0.11 0.12 4.70081950882601 4.68215811965812
"20" 0.08 0.05 -0.14 0.14 -0.04 7.74801099762251 6.86009124851503
"21" -0.05 -0.18 -0.09 -0.04 -0.04 4.73455617686515 4.38397729753329
"22" 0.09 0.14 -0.01 -0.15 -0.11 6.20621870392754 6.36613902271164
"23" 0.22 0.1 -0.12 -0.04 -0.11 7.70922711153025 7.31004792462026
"24" -0.04 -0.06 -0.02 -0.16 -0.01 4.49653999920308 4.45832002555094
"25" -0.09 0.14 -0.17 0.11 -0.09 5.53254791536613 5.64197992619279
"27" -0.07 0.07 0.03 0.02 0.09 5.5001394626041 5.24648958053842
"28" -0.06 0.16 -0.08 -0.12 -0.18 4.31510579234683 4.84689827753959
"30" -0.1 -0.01 0.03 0.12 0.18 6.02717528457013 5.23387417839504
"31" -0.03 -0.05 -0.06 -0.13 -0.01 4.76191741157408 4.65149034970155
"32" 0.03 -0.02 -0.02 0.09 -0.29 5.6337579194836 5.43256743256744
"33" -0.06 -0.07 0.09 0.01 -0.05 4.9723067114718 4.72174078128871
"34" -0.15 0.03 0.1 0.05 -0.09 4.33370080622668 4.48072987721692
"35" -0.07 0 -0.1 0.04 -0.05 5.13169254472766 4.99108928626417
"36" 0.11 0.1 -0.08 -0.05 -0.03 7.10834252015567 6.7897186370315
"37" 0.03 0.11 0.02 -0.03 0.02 6.4168736468807 6.04791645444742
"38" 0.01 0.03 -0.12 -0.23 0.01 4.95982148786677 5.012
"39" -0.02 0 -0.05 -0.08 0.04 5.22998047523543 5.01667571550454
"40" 0.12 0.03 -0.03 0.06 -0.17 7.12507803264754 6.59938208032956
"41" 0.08 -0.03 0.07 -0.05 -0.02 6.31991393165006 5.65297651136201
"42" 0.04 -0.12 -0.04 -0.04 -0.04 5.68502702918091 5.18938659909071
"43" 0.02 0.06 -0.02 0.15 0.14 7.67708430182364 6.46578738595796
"44" 0.01 0.07 0.1 0.17 -0.03 7.2865890103468 6.40656266810113
"45" 0.02 0.02 0.04 0.25 -0.02 7.88986438922022 6.59804221474457
"46" -0.02 -0.12 -0.08 0.02 0.17 5.87921210269762 5.02749671855503
"47" 0.07 -0.19 0.15 -0.16 -0.05 5.38564730571531 4.8739328636552
"48" 0.04 0.06 -0.01 -0.05 -0.02 6.0811008248217 5.75208821632805
"49" -0.01 -0.09 -0.05 -0.05 0.09 5.47437208622774 4.94215276240859
"50" -0.16 -0.12 -0.03 0 0.14 4.40064285619415 4.22161385257683
"51" 0 0.06 -0.16 0.08 -0.1 6.07047510260464 5.74858387654505
"52" 0.08 0.05 0.07 -0.07 0.02 6.71811287173425 6.13741798355051
"53" -0.04 0.12 0.05 -0.2 0.03 4.82142145598959 5.08102051370453
"54" 0.07 -0.12 -0.02 0.02 0.01 6.4872690565687 5.48262129267263
"55" -0.16 0.05 0.02 0.04 -0.06 4.33210694789412 4.47183893083399
"56" -0.09 0.07 0.04 -0.01 -0.02 4.88039421429426 4.9095261358085
"57" -0.1 -0.08 -0.28 0.15 0.03 5.58647345561769 4.98935972807979
"58" 0 0.07 -0.04 -0.22 -0.04 4.7441193268605 4.92516455696203
"59" 0.03 -0.06 0.06 -0.08 -0.06 5.35377013906414 5.08259727858678
"61" 0.04 -0.13 0.09 0.19 -0.07 6.92717395635486 5.6030879188015
"62" 0.12 -0.13 -0.14 0.04 -0.01 7.08523157433358 5.895311823231
"64" -0.1 -0.03 0.07 -0.07 -0.06 4.35654610899335 4.43501522759075
"66" -0.14 -0.05 0.12 0.01 -0.05 4.27791576458713 4.27059003129532
"67" -0.07 0.13 -0.05 -0.08 -0.07 4.65512890329265 5.03130040376451
"68" -0.18 -0.09 0.18 0.2 -0.02 4.89898922817411 4.46687626319336
"69" -0.05 -0.11 -0.23 -0.04 0.16 5.28815630437382 4.70389344262295
"72" -0.08 -0.14 0.05 0 -0.15 4.42508201729337 4.31284623446624
"73" 0.1 0.11 -0.18 -0.18 -0.01 6.38313697884153 6.24758110415481
"74" 0.09 0.15 -0.17 -0.05 0 7.15164233819019 6.87878787878788
"75" -0.08 0.15 -0.01 -0.13 0.18 5.04960884060089 5.17116038528962
"77" -0.07 -0.02 -0.03 0.02 -0.03 5.10247180863075 4.88018558951965
"78" -0.06 0.08 0.19 -0.08 0.09 5.15639734888232 5.09438890389985
"79" -0.13 0.12 -0.12 -0.11 -0.02 4.24019445071658 4.58026723470178
"81" 0 0.2 0.17 0.1 0.13 7.4364116936073 7.08088737222625
"82" -0.05 -0.02 -0.09 -0.19 0 4.46492847560733 4.4797056931166
"83" -0.07 -0.01 0.03 0.04 0.07 5.47463772928317 5.06473155533392
"85" 0.09 -0.05 -0.03 0.02 -0.01 6.8984845063688 5.9316778986846
"86" -0.03 -0.08 -0.06 -0.07 -0.09 4.72047709492755 4.59036342706792
"87" 0.05 -0.09 0.01 -0.13 0.03 5.65872836669369 5.15168229453944
"88" -0.08 -0.02 0.04 -0.01 0.01 4.97894778785746 4.79749776586238
"89" -0.19 0.05 -0.05 0.21 -0.02 5.05624991698655 4.85402319681044
"91" -0.04 -0.07 0.05 -0.04 -0.08 4.80229515599889 4.6352795031056
"92" 0.1 0.04 0.25 0.11 -0.15 7.37265736030496 6.7095940562076
"94" 0.02 -0.11 0.11 -0.04 -0.06 5.38591294877074 4.98804218274376
"97" 0.06 0.02 -0.06 0 0.17 7.17475328401228 6.08599488322192
"98" -0.08 0.07 0.04 0.24 -0.04 6.64692053287998 5.86709647287529
"99" -0.06 0.13 -0.03 -0.09 0.1 5.32242425852384 5.30326962252791
"100" 0.02 0 -0.15 -0.05 -0.11 5.34712906267848 5.25271317829458
"101" 0.06 0.19 0.08 0.13 -0.02 7.99718418361248 8.10131859308683
"102" 0 -0.02 0.14 0.02 0.12 6.22507936086281 5.39874433083395
"103" 0.19 -0.16 -0.05 -0.27 0.03 6.34966595385781 5.64766927791318
"104" -0.01 -0.12 -0.14 0.03 0.17 6.01628391929765 5.08614962449451
"105" 0.17 -0.1 -0.06 -0.18 0.02 6.70934665090519 5.93078654680378
"106" 0.04 -0.06 -0.02 0.14 -0.09 6.7699132675424 5.72639401169794
"107" 0.08 -0.03 0.05 0.1 0.01 7.44092762554956 6.27216476619818
"109" -0.08 0.09 -0.04 -0.01 0.02 5.1733985044296 5.16405340023296
"110" -0.18 0.15 -0.11 0.15 -0.08 4.88305064484853 5.09643584521385
"111" 0.1 -0.22 -0.12 0.08 0.07 7.13623504097544 5.58291366038421
"112" -0.09 0.21 0.22 0.09 0.04 6.1615906706159 6.134696485623
"113" -0.21 -0.08 0.05 -0.07 -0.11 2.91251045969531 3.5488871698646
"114" 0.03 0.19 -0.04 0.03 -0.1 6.70562764812922 6.82736572890026
"115" -0.05 0.29 0.03 -0.12 -0.14 4.88012857123884 5.88396788396789
"116" -0.09 -0.18 -0.05 0.12 -0.02 5.24937241828157 4.60356435815205
"117" 0.06 -0.15 -0.1 0.04 -0.04 6.19001447754653 5.26510216168197
"118" 0.04 -0.12 0.17 0 0.19 6.6923454953579 5.42414976133652
"119" 0.02 0.08 0.04 -0.08 -0.1 5.42602505014014 5.44666418881249
"120" 0.15 0.12 -0.05 -0.25 0.14 7.33493604643442 6.79097731536756
"121" -0.03 0.07 0.1 -0.11 -0.09 4.75740147963182 4.95822184785739
"122" -0.09 -0.05 0.19 -0.03 -0.16 4.23833494932859 4.33919758000319
"123" -0.09 -0.01 -0.03 -0.03 0.18 5.23821540995365 4.87168452485509
"124" -0.2 -0.04 0.09 -0.04 -0.02 3.46903266081367 3.87639679581058
"125" -0.07 0 0.03 -0.02 -0.08 4.78077806850936 4.75147190008921
"126" -0.16 0 0.04 -0.01 0.07 4.31669965067938 4.38334908632641
"127" -0.13 -0.03 -0.12 -0.06 0.01 4.2635710395941 4.27656750214727
"128" 0.02 0 -0.12 0.07 0.21 7.23292911315067 6.02924615513909
"130" -0.03 0.05 -0.03 0.04 0.12 6.22720450530623 5.52321322088764
"131" -0.12 0.1 -0.05 0.32 -0.05 7.16306498957351 6.24922305764412
"133" 0.13 0.17 0.17 0.02 -0.04 7.91881948226168 7.92891113892366
"134" -0.01 0.08 -0.1 -0.02 0.07 5.99051654292129 5.54377388676562
"136" 0.12 -0.14 0.03 0.16 -0.06 7.74747971151164 6.23861902850261
"137" -0.04 -0.02 -0.04 -0.05 -0.03 5.01401267117374 4.86036924179961
"138" -0.01 0.14 -0.02 -0.07 0.01 5.66669765835648 5.6894847528917
"140" 0.04 -0.04 -0.08 0.13 -0.02 6.94762847162268 5.85675315984892
"141" 0.02 -0.13 -0.13 0 0.09 5.89063475408094 5.11084390030608
"142" 0.15 -0.03 -0.07 -0.04 -0.08 7.00128836881883 6.2620633038402
"143" 0.04 -0.21 0.14 -0.06 0.26 6.24287744557639 5.08217420661715
"144" 0.1 0.01 0.02 -0.11 0.05 6.76327219115674 6.01477241251962
"145" 0.08 0.19 -0.03 -0.03 0.08 7.54213762966703 7.497912861988
"146" 0.03 0.15 0.07 -0.2 -0.02 5.60002125144445 5.75005185646132
"147" -0.16 0.06 -0.1 -0.2 -0.04 3.39279310390629 3.98841191784541
"148" 0.13 0.08 -0.08 -0.07 -0.04 7.09957629932661 6.72063127090301
"150" -0.12 0.02 0.02 -0.16 0.08 4.20805164100999 4.34533633408352
"151" 0.01 -0.02 0.05 -0.01 -0.04 5.54131413619519 5.24275435154397
"152" -0.04 0.21 0.1 -0.2 0.09 5.12000425028889 5.50627934913182
"154" 0.08 0.03 -0.08 0.01 -0.14 6.4399845927028 6.00297568990035
"155" 0.01 0.07 -0.02 0.06 0 6.4912537024001 5.86734499809814
"156" 0.04 -0.01 0.05 -0.04 0.03 6.17673232477521 5.53567053725051
"158" 0.01 0.02 -0.02 -0.05 0.03 5.76870459164023 5.36178861788618
"159" -0.01 0.03 -0.13 -0.15 0 5.01454395728461 5.01820600216144
"160" -0.03 0.04 -0.1 -0.02 -0.1 5.08972094197027 5.10881383120934
"161" 0.08 0.06 0.06 -0.01 -0.02 6.83180809945677 6.21863002626793
"163" -0.02 0.04 -0.08 0.13 -0.02 6.31274156915353 5.67445245929424
"166" -0.03 -0.18 0.04 0 -0.08 4.91944374344194 4.51925078043705
"168" -0.21 0.06 0.09 0.17 -0.14 4.36265589926816 4.51897533206831
"169" 0.06 -0.04 -0.17 0.02 0.08 6.86209140777538 5.82094889423466
"171" 0.11 -0.18 -0.09 -0.04 0.03 6.60255814262376 5.4531057028696
"172" 0.06 0 0.04 0.06 -0.12 6.61876236900478 5.91885900278789
"173" 0.04 -0.04 -0.07 0.07 0.01 6.7035025036858 5.70739963555567
"174" 0.1 0.01 0.06 -0.1 -0.03 6.46734582741172 5.95689220254424
"176" 0.02 0.01 0.07 -0.14 -0.05 5.25840428216605 5.21764158149609
"177" 0.05 0.23 -0.12 0.12 -0.15 7.3498120575383 7.93056822966216
"178" 0.04 0.17 -0.1 -0.08 0.06 6.69154856619161 6.54100561386381
"179" -0.07 -0.08 -0.09 0.05 0 5.24830984605986 4.81942798928348
"180" -0.05 -0.02 -0.02 0.15 0.04 6.25350316779345 5.42728270274045
"182" 0.08 0.12 0.13 -0.09 0.05 6.86209140777538 6.47766069546892
"183" 0.15 -0.16 0.17 -0.15 -0.07 6.17248203588839 5.45696653191275
"184" -0.16 -0.04 0.04 -0.08 0.03 3.80400855370638 4.06152711176688
"185" -0.1 -0.09 -0.14 0.05 -0.01 4.97708828646949 4.61561898652983
"187" 0.12 -0.19 0.03 -0.04 0.08 6.81188487029979 5.53470875668968
"188" 0.06 -0.01 -0.13 -0.08 -0.08 5.88266546241815 5.45294331173166
"189" 0 0.05 -0.02 -0.05 -0.06 5.45391757095992 5.37447733734738
"190" -0.16 0.09 -0.18 -0.21 -0.04 3.38455816918808 4.01272634096344
"191" -0.02 -0.04 0.06 0.04 -0.07 5.41991525986533 5.10531818233378
"192" -0.06 -0.16 0.11 0.01 -0.05 4.84851704764309 4.49795645389017
"193" 0.15 0.13 -0.04 -0.02 0 7.90155268365897 7.70044863683424
"194" 0.12 -0.05 -0.04 -0.1 -0.1 6.25164366640545 5.75283492062604
"195" -0.06 -0.11 -0.06 -0.03 -0.11 4.52868280890968 4.47112027927642
"196" 0.1 0.06 0.15 0 -0.1 6.8533251869463 6.43815358614134
"197" 0.08 -0.06 0.02 -0.03 -0.1 6.10208662620039 5.52974449401932
"198" -0.11 -0.03 0.03 -0.09 -0.07 4.09116869662236 4.25316951009548
"199" -0.01 -0.08 -0.1 -0.21 -0.12 4.24683552710224 4.33760751831794
"200" 0.05 0.12 0.05 0.09 -0.06 7.12374981737041 6.68943964575046
"202" 0.03 -0.13 0.01 -0.13 -0.02 5.28603115993041 4.899319147416
"203" -0.14 -0.06 0.11 -0.05 0.03 4.16076717714408 4.17727952167414
"204" 0.07 -0.26 -0.02 -0.03 -0.08 5.77614259719216 4.87352489462237
"206" -0.15 0.14 0.16 -0.02 0 4.4505837506143 4.71583105582054
"207" 0.02 -0.07 -0.03 -0.1 0.11 5.69804353889678 5.13624440672736
"208" 0.07 0.04 -0.08 0.04 -0.15 6.51675543572103 6.07469737946428
"210" 0.02 -0.04 0.01 0.04 -0.1 5.66085351113709 5.32116500307987
"211" -0.01 -0.09 -0.09 0.11 -0.05 5.81997370133752 5.22439804937519
"212" 0.01 -0.13 0.02 -0.09 0.13 5.53812641953009 4.89435955237289
"213" 0.02 0.05 0 -0.11 0.02 5.59125503061537 5.39296840605975
"214" 0.14 0.15 -0.14 -0.08 -0.02 7.70603939486512 7.5438303954264
"215" -0.26 0 0.03 0.11 0.03 3.61752712879704 3.97007120252583
"216" -0.01 0 0.16 -0.12 0.06 5.22201118357264 5.02786377708978
"218" 0.01 0.21 -0.03 0.04 0 6.85465340222344 6.84147148670935
"219" 0.09 0.02 0.12 0.13 -0.06 7.6906320976504 6.69783363989373
"220" -0.08 0.1 -0.24 0.22 -0.12 6.32575807886943 5.92521429719698
"222" 0.05 -0.2 -0.05 -0.05 -0.01 5.68874603195686 5.02782715711746
"223" -0.01 -0.02 -0.17 -0.2 -0.07 4.56321640611511 4.6268233279669
"225" 0.1 0.05 -0.04 -0.02 -0.02 7.06663656045373 6.45516702480954
"226" -0.19 -0.1 -0.07 0.05 -0.04 3.85527766340369 4.05232687041797
"227" 0.07 -0.08 -0.11 0.05 0.17 7.42817675888909 5.98243931477722
"228" 0.05 -0.09 -0.15 -0.27 0.2 5.60002125144445 5.01933438985737
"230" -0.08 -0.07 -0.08 -0.01 0.06 4.93963261565434 4.62537764350453
"231" -0.05 0.12 0.22 0.18 -0.02 6.74680232172031 6.21478199577082
"232" -0.02 0.04 -0.07 -0.05 0.12 5.72965506249253 5.28681851821397
"233" -0.07 -0.18 -0.14 -0.04 0 4.67080184356281 4.32758744009728
"234" 0 0.06 -0.1 0.06 0.07 6.50586407044855 5.82284977159483
"235" -0.06 -0.09 0 0 -0.11 4.70666365604538 4.54231599136898
"236" 0.07 -0.02 -0.13 0.01 0 6.765928621711 5.92297674890015
"238" 0.02 0.01 -0.14 -0.14 -0.02 5.27274900715908 5.17720820189275
"239" -0.11 0.23 0.04 0.05 0.21 6.31486671359695 6.11435878699306
"240" 0.1 0.1 0 0.03 -0.08 7.26985349785494 6.91984515177221
"241" -0.15 0.07 0.11 0.13 0.04 5.1712733599862 5.06999561979851
"242" -0.05 0 -0.15 -0.09 -0.04 4.77440263517912 4.74445446348062
"243" -0.17 -0.04 0.17 0.04 0 4.14270344937507 4.19595515830935
"244" 0 -0.17 0.15 0.16 0.17 6.9739271341099 5.37481323372466
"245" 0.04 0.01 -0.04 0.12 0.1 7.51424510884725 6.22542814594192
"246" -0.23 0.07 -0.01 0.06 0.16 4.14376602159678 4.35550020755501
"247" 0 -0.07 -0.07 -0.04 0.04 5.42629069319556 5.02756874095514
"248" 0.16 0 0.04 -0.04 0.05 7.68027201848877 6.795149008179
"249" 0.11 0.01 0.19 -0.11 -0.04 6.5305688746032 6.02355324720354
"251" -0.12 0.14 0.26 -0.14 -0.14 3.89060818977541 4.49153034556191
"252" -0.02 -0.04 -0.05 -0.05 0.03 5.2586699252215 4.98855868341134
"253" -0.07 -0.03 -0.01 0.01 -0.13 4.72977460186747 4.68175461543327
"254" -0.03 -0.02 -0.16 -0.08 -0.04 4.92050631566365 4.80448775254783
"255" -0.27 -0.09 -0.01 0 0.04 2.76401599171194 3.43258776017397
"256" 0.03 0.07 -0.02 0.07 0.21 7.47705508108756 6.41039907904835
"257" 0.07 -0.17 0.01 0.12 -0.08 6.5937919217947 5.45721071773176
"258" -0.09 -0.1 0.03 0.13 -0.01 5.4347912709692 4.86311072897362
"259" 0.13 -0.18 0.06 0.03 0.12 7.52407390189802 5.94811186900756
"260" 0.04 -0.09 -0.1 0.09 -0.06 6.4731899746311 5.50945323114902
"262" 0 -0.07 0.02 0.08 0.06 6.16318452894847 5.33540801725106
"263" -0.11 0.02 -0.08 0.08 -0.04 5.03287332810904 4.88352194314104
"264" -0.1 -0.11 0 -0.12 -0.1 3.88901433144284 4.09650789012274
"265" 0.21 -0.16 -0.04 -0.03 -0.03 7.33334218810186 6.20336682052675
"266" -0.22 -0.06 0.03 -0.07 0.01 3.14521377624885 3.68089138171631
"267" 0.03 -0.33 0.07 -0.02 0.03 5.52192219314908 4.64135460899947
"268" 0.16 0.05 -0.11 0 -0.14 7.43003626027707 7.04083769633508
"269" 0.09 0.13 -0.01 0.15 -0.01 8.27106217375714 7.83552006500274
"270" -0.08 -0.12 0.04 0.08 0.03 5.38086573071765 4.74373503591381
"271" 0.03 0.08 -0.18 0.04 -0.13 6.21551621086746 5.94639110365086
"272" -0.1 0.07 -0.07 0.21 -0.21 5.58009802228747 5.42739026956235
"274" 0.1 0.17 -0.1 0.09 -0.03 7.98655846139542 8.04486072207829
"275" -0.01 0.05 -0.1 -0.16 -0.16 4.47103826588215 4.72167248738844
"276" -0.07 -0.03 0.08 -0.14 -0.09 4.13340594243515 4.38615771812081
"277" -0.16 -0.03 -0.13 -0.08 -0.15 3.41484147750667 3.92838222309428
"278" 0.15 0 -0.21 -0.21 0 6.47186175935396 6.03776638791476
"279" 0.2 -0.05 0.02 0.05 -0.03 7.98576153222916 6.85747009417155
"280" 0.01 0.06 -0.01 0 -0.15 5.45126114040565 5.38983899685747
"281" 0 0.13 -0.1 -0.08 0.03 5.72912377638169 5.60765550239235
"282" -0.06 -0.03 0.07 0.01 0.05 5.34394134601337 4.95643099483483
"283" -0.1 0.04 0.2 -0.01 0.08 5.00126180451329 4.91177552897885
"284" 0.1 -0.09 0.15 0.05 -0.03 7.00181965492968 5.91024911653834
"286" -0.15 -0.19 0.03 0.03 0.04 4.25533610487588 4.05906870726148
"287" -0.1 -0.06 -0.21 0.01 0.05 4.83098460598495 4.56405075567769
"288" 0.15 -0.05 -0.1 0.09 0.08 8.36403724315639 6.91863517060368
"289" -0.01 -0.09 -0.13 0.02 0.02 5.5684097278487 5.07619529105879
"291" 0.04 -0.04 -0.05 -0.19 0 5.29054709187267 5.11264855701353
"292" -0.01 -0.06 -0.14 -0.06 -0.2 4.71011701576593 4.64807531480415
"293" 0.1 -0.08 0.13 0.07 -0.06 6.96914555911222 5.95054347398902
"297" 0.02 0.04 0.03 -0.13 0.02 5.50120203482581 5.32711760049257
"298" -0.04 -0.09 -0.06 -0.01 0.13 5.42124347514246 4.84787835018811
"299" -0.04 0.19 0.1 0.13 0.04 6.99119393271262 6.68519195612432
"300" 0.06 -0.04 -0.19 0.05 -0.02 6.61716851067221 5.73206065532761
"301" -0.07 -0.24 -0.04 0.15 -0.02 5.48340395011225 4.62093604858878
"303" -0.03 0.1 0.13 0.05 0.13 6.38552776634038 5.79102678468769
"304" 0.01 0.02 0.1 -0.09 0.07 5.58009802228747 5.24197713021026
"305" 0 -0.28 0.03 -0.09 -0.03 4.72658688520236 4.27586901087103
"306" -0.11 -0.01 0.12 0.01 -0.02 4.74040032408453 4.62337082484734
"307" -0.12 0.05 0.03 0.06 0.03 5.0246383933908 4.94502578746315
"308" 0.01 -0.09 0.07 -0.04 0.09 5.6579314375274 5.04893729672491
"309" -0.03 0.08 0.05 0.16 -0.1 6.32974272470083 5.88078687174621
"310" 0.12 -0.09 -0.11 -0.06 -0.07 6.379683619121 5.7073087450352
"312" -0.07 0.12 -0.08 -0.07 0.11 5.20022845302768 5.26784858648778
"313" -0.04 -0.07 -0.04 -0.06 0.2 5.45869914595758 4.87956767280638
"314" -0.17 0.2 0.07 -0.06 0.21 4.66575462550971 4.94808974080487
"316" -0.21 0.1 -0.08 0.15 0.03 4.59482792971086 4.67907785198061
"318" 0.01 0.07 -0.04 -0.08 -0.02 5.46773100984208 5.36055951645571
"319" -0.05 0.13 0.2 -0.1 0.1 5.34048798629282 5.32246950367819
"320" -0.01 -0.06 0.09 0.09 0.14 6.46734582741172 5.40346121863067
"321" 0.08 -0.16 0 -0.16 -0.06 5.54211106536148 4.96970369758874
"322" -0.05 0.12 -0.04 0.01 0.01 5.61516290560375 5.5206272736561
"324" 0.11 -0.08 -0.06 0.15 -0.02 7.93316420725472 6.46834374472396
"325" 0.12 -0.08 0.14 -0.07 -0.12 6.18815497615854 5.61969537656685
"326" 0.01 0.05 0.05 -0.16 0.14 5.71345083611152 5.35824605006214
"327" -0.04 0.04 0.02 0.2 -0.1 6.4450318107559 5.80416096406534
"328" 0 -0.12 0.03 0.18 0.06 6.75025568144086 5.44687310261081
"329" 0.08 -0.07 -0.03 0.09 -0.08 6.81082229807808 5.83617512509979
"330" -0.05 0.11 0.08 0.04 0.06 5.98626625403445 5.6502583832751
"331" 0.08 0.08 -0.12 0.04 0.02 7.43906812416157 6.78898010423666
"333" 0 -0.05 0.03 0.04 -0.08 5.5745195181235 5.20767594268688
"334" -0.13 0 0.03 -0.04 0.02 4.38098527009259 4.40710915893932
"335" -0.09 -0.12 0.13 0.03 -0.09 4.6957722907729 4.51964173475802
"336" -0.2 -0.13 -0.06 -0.1 -0.12 2.88939951387322 3.49239656783621
"337" 0.01 -0.07 -0.01 0 -0.02 5.65075907503089 5.18791540785499
"338" 0 0.11 -0.03 0.04 0.11 6.68703263424937 5.97683627004554
"339" -0.11 0 -0.09 -0.05 0.07 4.6405185352442 4.55420298999907
"340" 0.08 -0.09 0.12 0.01 -0.09 6.30264713304734 5.56890166847415
"341" 0.04 -0.02 -0.18 0.09 0.15 7.27277557146463 5.98781642781416
"342" -0.08 -0.03 0.1 0.06 -0.22 4.62856459775001 4.61141548379511
"343" -0.11 0.11 -0.02 0.03 -0.08 4.81610859488106 5.02569447024538
"344" -0.07 -0.22 0 -0.05 -0.1 4.30873035901659 4.16300452978163
"345" -0.04 0.03 -0.03 -0.01 0.25 6.17381025116552 5.39900888585099
"346" 0.06 -0.01 0.14 -0.1 -0.07 5.79898789995883 5.3807012674623
"347" -0.04 -0.03 0 -0.02 0.08 5.34314441684709 4.94325867369346
"348" -0.06 -0.09 0 -0.16 -0.08 4.07416754107507 4.23766850490196
"350" -0.01 -0.28 -0.07 0.02 -0.01 5.25760735299979 4.52352070789683
"351" 0.21 -0.02 -0.02 0.09 -0.2 7.7841384531605 6.989723939737
"352" 0.09 -0.05 -0.05 0 -0.04 6.62115315650361 5.80159479837445
"353" -0.03 0.21 -0.09 0.17 -0.18 6.50798921489195 6.63874125874126
"354" -0.01 -0.05 -0.12 -0.12 -0.01 4.94122647398692 4.74997390110891
"355" 0.01 0.08 -7.16e-05 -0.12 0.08 5.77242359441618 5.46391372476726
"356" 0.07 0.09 0.02 0 0 6.98588107160409 6.46029205841169
"358" 0.18 0.04 0.1 -0.1 0.06 7.70922711153025 7.01503065167186
"359" -0.05 -0.04 0.14 -0.09 0.15 5.15799120721488 4.7900481077382
"361" -0.18 0.11 0.02 0.01 -0.08 3.96711338973821 4.36911331861663
"364" 0.09 0.07 0.17 -0.02 0.05 7.3014650214507 6.61420406435225
"365" -0.15 -0.11 0.05 0 0.11 4.43012923534648 4.2577175583182
"366" -0.15 0.09 -0.02 0.14 -0.2 4.64636268246359 4.84960245234218
"367" 0 0.1 0 -0.01 0.1 6.35285367052292 5.85436123381284
"368" 0.02 0 -0.11 -0.06 0.08 5.86911766659141 5.31151720911715
"369" -0.06 0.09 0.18 -0.16 0.03 4.75022911713532 4.91982513779464
"370" -0.15 -0.09 -0.24 0.04 -0.05 4.1852063382433 4.19464086341645
"371" -0.05 0.18 0.1 0.14 0.08 6.97525534938704 6.52616588550538
"372" 0.03 -0.07 0.09 0.13 -0.08 6.60760536067686 5.62736923499494
"374" -0.11 0.09 0.08 -0.12 0.13 4.69364714632948 4.80580627151764
"375" -0.06 -0.2 -0.04 -0.02 -0.05 4.60943829775931 4.36171853097842
"376" 0.13 -0.09 -0.03 0 -0.03 6.98481849938238 6.00458000862898
"377" -0.1 -0.06 0.18 0.08 0.16 5.51156211398744 4.90355582248211
"378" -0.14 -0.02 -0.05 -0.12 0 3.92620435920254 4.14851171627613
"380" 0.07 -0.14 -0.04 0.03 0.01 6.39827863300085 5.39058734939759
"381" -0.02 0.03 -0.11 0 0.04 5.68423010001462 5.19283766855796
"383" -0.05 0.1 -0.12 -0.06 -0.03 5.04828062532376 5.18446959241881
"384" 0.05 -0.24 -0.08 0.14 0.07 6.80869715363468 5.34528640808995
"385" 0.06 -0.05 -0.06 -0.06 -0.04 5.95252958599531 5.37804714498452
"386" -0.1 -0.12 0.1 0.08 -0.02 4.96885335175125 4.55393563396666
"387" 0.08 0.14 -0.05 0 -0.07 7.02652445908434 6.93741024413596
"388" 0.11 0.11 -0.23 0.03 -0.11 7.26825963952239 7.00281088457074
"389" 0.16 -0.12 -0.12 -0.03 0.08 7.56445164632285 6.23690733189414
"390" -0.09 0.06 -0.03 0.04 0.07 5.43000969597154 5.18165287753432
"391" -0.02 0.07 0.12 0.06 0.21 6.78133591892575 5.84239328712149
"393" 0.03 -0.02 -0.22 0.21 -0.14 7.12587496181381 6.08869199387244
"394" 0.08 -0.23 -0.07 0.02 -0.17 5.88372803463986 5.03774887011381
"395" 0.02 0.15 -0.02 0.05 -0.07 6.59751092457067 6.42619515209806
"396" 0.14 0.04 -0.23 -0.01 0.09 7.89198953366362 6.90492125984252
"397" -0.11 -0.04 0 0.09 0.01 5.15161577388464 4.74775909807852
"398" 0.07 -0.01 0.11 0.16 0.16 8.40388370147035 6.70882645225405
"399" -0.09 0.01 0.12 -0.01 -0.08 4.66814541300855 4.66970045064947
"400" -0.05 0.22 0.09 -0.1 0.05 5.50465539454636 5.79153354632588
"401" 0.02 -0.06 0.14 -0.03 0.07 5.83113070966544 5.22354048198915
"404" -0.16 -0.14 0.06 0.02 -0.07 3.96578517446108 4.06741418449474
"405" 0.07 -0.02 0.06 -0.08 7.09e-05 6.1092589886969 5.51467791284214
"406" -0.04 -0.08 -0.31 -0.03 -0.04 4.97044721008383 4.68476646311272
"407" 0.01 0.01 -0.06 -0.02 -0.08 5.46188686262271 5.32022146379062
"408" 0.01 0.03 -0.03 0.05 0.01 6.37118304134735 5.69693530352123
"409" -0.23 -0.01 -0.05 -0.13 0.17 3.30088060672875 3.77927573461469
"410" -0.05 -0.02 -0.09 0.01 -0.07 5.07617314614353 4.90876339728002
"412" 0.04 0.24 -0.07 -0.06 -0.12 6.31885135942835 6.88033917053195
"413" 0.18 0 -0.08 -0.1 -0.28 6.27980183028065 6.32262505736576
"414" 0.04 0.04 0.13 -0.06 0.02 6.20064019976359 5.73425236567078
"415" 0.09 0.04 0 -0.03 0.05 7.11073330765451 6.32346063912705
"416" 0.07 -0.06 0.01 -0.13 0.07 6.10368048453295 5.371532150496
"418" 0.09 0.13 0.06 -0.07 0.09 7.37371993252667 6.80647112186272
"419" 0.07 -0.06 -0.04 0.12 0.02 7.41516024917319 6.13721448008576
"420" -0.06 -0.09 -0.08 -0.03 0.18 5.40185153209632 4.78938923769426
"421" -0.05 0.1 0.02 0.04 0.11 6.2017027719853 5.64354180506786
"422" -0.13 -0.1 -0.09 -0.11 -0.19 3.28600459562486 3.82686441529554
"423" 0.12 0.07 -0.04 0.01 0.02 7.73951041984885 7.04523934771173
"424" 0.12 0.03 -0.21 -0.08 -0.08 6.67507869675518 6.24438952051409
"425" -0.03 0.05 0.05 -0.06 -0.08 4.96221227536559 5.02743304629808
"426" 0.01 0.12 -0.12 -0.16 -0.04 5.16171020999085 5.34744106955015
"428" 0.12 -0.01 0.07 -0.12 -0.02 6.57147790513887 5.97183671522092
"429" 0.12 0.14 0.13 -0.13 -0.02 7.05282312157154 7.0272314697257
"430" 0.07 -0.22 -0.1 0 -0.1 5.95359215821702 5.09322676221319
"431" 0.03 0.05 0.12 0.01 -0.11 5.97006202765345 5.64434006575857
"432" 0.1 -0.01 -0.14 0.13 -0.08 7.53788734078021 6.49201578057487
"433" -0.06 -0.07 -0.07 0.03 -0.06 5.03579540171872 4.76968491262515
"434" -0.08 -0.04 -0.04 0.05 -0.07 5.02729482394507 4.80048261077143
"435" 0.04 0.02 0.09 0.04 0.18 7.27888536173945 6.04279299110681
"437" 0.09 0.08 0.03 0.02 0.09 7.67203708377055 6.85929092066121
"438" -0.18 0.07 -0.06 0.08 -0.13 4.19503513129409 4.49968935830301
"440" -0.03 0.17 0.03 -0.13 0 5.21696396551954 5.49929590517574
"441" -0.1 -0.18 0.01 0.02 0.26 5.27753058215677 4.51764460221341
"442" -0.05 -0.15 0.02 -0.03 0.02 4.82939074765238 4.49834932821498
"443" 0.09 0.02 0.11 -0.1 0.16 7.09771679793861 6.14868960599038
"447" 0.17 -0.02 0.08 -0.03 0.1 7.93821142530782 6.80501779668374
"449" 0 -0.1 -0.11 0.01 0.15 6.03726972067634 5.14283609576427
"450" -0.01 0.14 0.03 0.17 0.01 7.24780512425454 6.63208168642952
"451" -0.01 -0.11 -0.01 -0.15 -0.04 4.65725404773607 4.47404544020196
"454" -0.07 -0.01 0.04 -0.01 -0.02 5.000464875347 4.82797266514807
"455" -0.09 0 -0.04 0.06 -0.07 5.01826296006058 4.85983319881625
"456" -0.09 -0.09 0.08 -0.09 0.06 4.48219527421005 4.33110773899848
"457" -0.16 0.08 -0.03 -0.08 0.07 4.18573762435417 4.40543410921321
"458" 0.1 -0.13 -0.01 0 -0.03 6.60787100373228 5.62957344936625
"459" -0.13 -0.07 0.21 -0.04 0 4.3116524326263 4.30152611705475
"460" 0.07 -0.04 -0.03 0.04 0.01 6.88121770776608 5.85663905674832
"461" -0.07 -0.09 0 0.12 -0.07 5.34526956129051 4.87175539679238
"463" 0.18 -0.09 -0.02 -0.19 -0.05 6.46840839963341 5.91117492876623
"464" -0.13 -0.09 0.18 -0.15 -0.2 3.18213816095313 3.78428764825216
"465" -0.13 0.08 -0.05 0.26 0.02 6.64160767177145 5.83433675077365
"466" 0.02 0.06 -0.06 0.15 0.07 7.53018369217284 6.46626058817931
"467" 0.1 -0.02 0 -0.08 -0.05 6.39641913161286 5.81976474753136
"468" 0 -0.04 -0.09 0.07 0.01 5.90790155268366 5.33286439023331
"469" 0 -0.02 0.12 -0.14 -0.04 4.97682264341404 4.88456597540834
"470" 0.04 0.05 0.08 0.05 -0.03 6.76805376615443 6.13736773714498
"471" -0.01 0.05 -0.04 0.1 -0.07 6.00804898457943 5.59739811596891
"472" 0 -0.03 -0.07 0.01 -0.09 5.41327418347967 5.16919736834778
"473" -0.02 0 -0.13 -0.1 -0.02 5.00099616145786 4.90569852941177
"474" 0.12 -0.01 0.11 0.05 -0.09 7.2826043645154 6.46701151668944
"476" 0 0.01 -0.09 0.07 -0.1 5.73788999721075 5.47266009534419
"477" 0.11 -0.28 0.1 -0.09 -0.01 6.0529426609465 5.11619881876701
"479" -0.1 -0.13 -0.11 -0.18 -0.04 3.81596249120057 3.98229636295349
"481" 0.08 -0.09 -0.09 -0.08 -0.02 5.9756405318174 5.32494874676788
"483" 0.14 0.08 0.13 -0.01 0 7.76554343928065 7.17452174842364
"484" -0.07 -0.21 0.16 0.14 0.04 5.58780167089482 4.68569643343712
"485" -0.1 0.08 -0.11 0.05 -0.07 5.03048254061019 5.08263318253162
"486" 0.1 0.04 0.16 -0.07 0.01 6.78505492170172 6.20646157613345
"487" 0.08 0.15 -0.09 -0.05 0.13 7.59128159492092 7.14385014137607
"488" -0.23 0.24 -0.1 -0.09 0.11 3.56307030243463 4.32424981444174
"489" -0.04 0.01 0.01 -0.18 0.1 4.82301531432216 4.75103771085402
"491" -0.24 0.04 -0.09 0.06 0.1 3.81064963009205 4.10170567235224
"492" 0.12 0 -0.07 0 0.14 7.88428588505625 6.6568113450795
"493" 0.07 0.09 0.15 -0.14 -0.04 6.02000292207362 5.9090659235885
"494" 0.14 -0.08 -0.27 0.01 -0.25 6.46070475102606 6.01755115754164
"495" -0.06 -0.17 0.05 -0.04 0.25 5.39281966821184 4.61909164446834
"496" -0.05 -0.01 -0.09 0.04 -0.08 5.20315052663737 5.02847836980124
"498" 0 0.03 0.07 -0.03 -0.06 5.34048798629282 5.224011346571
"500" -0.09 0.15 0.02 0.05 -0.12 5.06023456281795 5.36937908116286
"501" -0.09 -0.08 -0.03 -0.01 -0.1 4.45934997144338 4.43072050673001
"503" -0.13 0.06 -0.09 0.11 0.02 5.33251869463003 5.12347495024661
"505" -0.09 0.06 -0.14 0.07 0.13 5.79898789995883 5.30990822569681
"506" -0.14 -0.1 0.04 -0.17 -0.08 3.41829483722723 3.82730699942936
"507" 0.07 -0.09 -0.05 0.05 -0.02 6.74334896199976 5.68413574894058
"508" 0.15 -0.05 0.12 0.02 0.06 7.83381370452523 6.61778209429631
"510" 0.04 0.1 0.08 -0.1 0.15 6.64692053287998 6.12022113943029
"511" -0.03 -0.01 0.11 -0.02 0.03 5.38803809321416 5.08740935040889
"513" -0.1 0.05 0.05 -0.02 -0.02 4.74040032408453 4.74775442170572
"514" -0.01 -0.1 -0.04 0.05 -0.11 5.34155055851453 4.93236927625627
"515" 0.11 0.15 -0.11 -0.05 -0.17 6.78372670642459 7.04008348530584
"516" 0.01 0.12 0.09 -0.07 -0.02 5.78650267635379 5.68221516474792
"518" -0.02 0.05 0.21 0.02 -0.15 5.18057086692612 5.21176572818909
"519" -0.06 -0.18 -0.11 0.08 0.04 5.39786688626493 4.65894401294893
"520" -0.16 -0.11 -0.05 0.02 -0.08 3.94612758835952 4.09369940161915
"521" 0.06 0.1 -0.19 0.02 0.03 7.17953485900996 6.58665591150035
"522" 0.02 0.08 0.04 0.14 0.23 8.06598573496793 6.68634795465747
"523" -0.01 -0.17 0 -0.11 0.06 4.97443185591522 4.5289910796678
"526" -0.09 0.11 -0.06 0.16 0.18 6.8421681786184 6.02182154415165
"527" 0.08 0.1 -0.2 0.02 -0.1 6.87590484665755 6.54504486528351
"528" -0.01 0 -0.06 0 -0.1 5.265842287718 5.12417304541512
"529" -0.06 -0.08 0.2 -0.12 0.1 4.68355271022329 4.48577122359506
"530" -0.02 -0.14 0.01 0.12 0.05 5.98281289431392 5.10728194577118
"531" -0.04 -0.06 0.03 -0.01 0.09 5.37874058627423 4.89426558286437
"532" -0.01 0 0.09 0.11 0.06 6.54836695931678 5.64992323914805
"533" 0.04 0.03 -0.12 -0.13 0.13 6.08535111370852 5.51919750951228
"534" -0.08 0.07 0.1 -0.14 0 4.51168165336238 4.71890620405763
"535" -0.07 -0.04 -0.08 -0.14 0.21 4.9170529559431 4.65132695486487
"536" -0.03 0.07 0.08 0.09 -0.1 5.8600858027069 5.61396581234956
"537" -0.05 0.2 0.12 0.03 0.09 6.30185020388105 6.10650887573965
"538" 0.06 0.15 0.01 -0.1 -0.06 6.27661411361554 6.26311273022553
"539" 0.14 0.02 0.05 -0.02 0.01 7.64733227961589 6.79185475956821
"540" -0.07 0.2 -0.01 -0.07 0.04 5.28018701271103 5.57231640521765
"541" -0.03 -0.03 0.11 -0.2 -0.02 4.50238414642246 4.51078041768834
"542" -0.04 0.18 0.13 0.02 -0.01 5.8749618138108 5.88977453882943
"543" -0.13 0.17 0.18 0.05 -0.02 5.07856393364237 5.35195473253253
"545" 0 -0.12 0.01 0.03 -0.02 5.50678053898976 4.94800040439524
"546" 0.08 -0.05 0.12 0.13 -0.05 7.34556176865148 6.12998734516205
"547" 0.02 0.06 -0.07 0.06 0.05 6.79886836058389 5.98522261416722
"549" -0.04 0.07 0.05 0.11 -0.01 6.24234615946553 5.71063314993454
"550" -0.09 -0.02 0.17 -0.16 -0.06 4.05371302580722 4.31903973509934
"551" 0.07 0.09 -0.12 -0.15 -0.01 6.10793077341976 5.92307191216611
"552" -0.05 -0.06 -0.04 -0.07 0.01 4.85090783514194 4.64286931334129
"553" -0.14 -0.11 -0.11 0.1 -0.02 4.76191741157408 4.46007428040855
"554" -0.06 -0.06 0 -0.07 0.15 5.11283188779239 4.72809111396746
"555" 0.06 -0.1 0.04 0.01 0.08 6.52525601349467 5.5191284967556
"556" 0.09 -0.01 -0.05 0.18 -0.06 7.94671200308146 6.72797121182649
"557" -0.02 -0.12 -0.26 0.04 0.01 5.51767190426226 4.97985870281859
"559" -0.03 -0.12 0.11 -0.06 0.04 5.10140923640904 4.68466927337895
"561" 0.06 -0.06 -0.01 -0.03 0.02 6.2832551900012 5.50338494939553
"562" 0.08 0.01 -0.17 0 -0.04 6.77256969809667 6.0676147035149
"564" 0.14 -0.05 -0.06 -0.1 -0.07 6.54119459682026 5.94506079140009
"565" -0.11 0 0 0.11 -0.02 5.19704073636255 4.93527827648115
"566" 0.02 0 0.01 -0.08 0.11 6.02664399845928 5.4084338495827
"567" -0.12 0.1 -0.03 -0.07 -0.1 4.23886623543945 4.60580912863071
"569" -0.11 0.03 0.04 -0.02 0.08 4.80787366016284 4.71920128365127
"570" -0.01 -0.13 -0.04 -0.11 0.03 5.02516967950167 4.65910348644162
"572" 0.14 -0.09 0.02 0.07 0.04 7.9209446267051 6.49431630971994
"573" -0.07 -0.06 -0.07 -0.04 0.03 4.91439652538883 4.68572913958929
"575" 0.01 -0.03 0.03 -0.16 -0.08 4.81690552404735 4.7963963963964
"576" 0.06 0 -0.08 -0.02 -0.02 6.32549243581401 5.66146574187284
"577" -0.02 0.05 -0.21 0.08 0.03 6.3193826455392 5.67991955365378
"578" 0.16 0.17 0.04 -0.18 0.09 7.65583285738953 7.58917811520849
"579" -0.03 0.22 -0.01 0.04 -0.2 5.55061164313512 6.09051836415733
"580" 0.04 -0.17 0.03 0.14 -0.06 6.55899268153384 5.35468861846815
"581" 0.14 -0.27 0.07 0.02 0.14 7.47705508108756 5.72081147254285
"582" 0.17 0.11 -0.07 -0.18 0.04 7.41409767695148 7.20775061385716
"583" -0.08 -0.06 0.07 0.04 -0.13 4.72180531020468 4.59157825479069
"584" 0.08 -0.16 -0.02 0.1 -0.1 6.53827252321057 5.50057323886509
"585" -0.03 -0.04 0.09 0.04 -0.14 5.11123802945983 4.93411738920894
"586" 0.1 -0.06 0.1 0.23 -0.11 8.12336463494003 6.6604621309371
"588" 0.1 0.04 -0.09 0.11 0.18 8.58770869582543 7.2080022436197
"589" 0.04 0.03 0.01 0.13 -0.08 6.97366149105448 6.05041722515573
"590" -0.07 0.12 0.05 0.14 0.16 6.84083996334127 6.08163457022076
"591" 0.03 0.25 0.15 0 -0.19 6.1796543983849 6.99644842571977
"592" 0.04 0.13 -0.09 0.05 -0.04 6.92797088552113 6.518855940217
"593" 0.19 -0.05 -0.15 -0.04 -0.11 7.14739204930337 6.4736796461712
"595" 0.1 0.1 0.02 -0.03 -0.02 7.2252254645433 6.84085837702117
"597" 0.08 -0.07 0.03 0.01 -0.16 6.07153767482635 5.57768804573394
"598" -0.01 0.08 0.01 0.06 -0.05 5.99290733042011 5.69102765248539
"599" -0.01 0.06 0.03 0.09 -0.04 6.13794843868296 5.68229997186005
"600" -0.15 0.2 0.02 -0.3 -0.1 3.12263411653761 4.13313886863215
"601" 0.02 -0.16 0.14 -0.05 -0.1 5.14736548499782 4.74192506459949
"603" -0.04 -0.07 -0.11 -0.21 -0.01 4.34565474372087 4.3783868687662
"604" -0.15 0.12 0.03 0.1 0.14 5.42788455152812 5.15826102675344
"605" -0.16 0.09 -0.05 0.11 0.09 5.22519890023775 5.05496389891697
"606" -0.04 -0.06 0.13 -0.07 -0.02 4.86153355735899 4.68203485909668
"607" 0.05 0.14 0.12 -0.01 -0.15 6.31167899693182 6.25718120067757
"608" -0.04 0.05 -0.04 -0.02 -0.03 5.20713517246877 5.15228292425443
"609" -0.01 0.22 0.06 0.1 0.04 7.20131758955492 7.19655325383564
"611" -0.24 0.11 -0.01 0.11 0.12 4.19450384518323 4.43732369534556
"612" 0.11 0.01 0.11 0.03 0.13 7.98151124334234 6.73538697024778
"613" 0.1 -0.02 0.31 -0.14 0.06 6.53720995098886 5.8043535504257
"615" -0.02 -0.1 0.04 0.14 0.19 6.82065109112887 5.4354099742342
"616" 0.04 -0.09 0 0.02 -0.06 5.89780711657747 5.32146726512924
"619" -0.29 -0.22 0 -0.02 -0.02 1.94397587961058 3.05686482192506
"620" 0.02 -0.07 0.06 0.08 0.09 6.70270557451953 5.56987699923487
"621" 0.05 -0.06 -0.16 0.02 -0.01 6.36268246357371 5.53999981664443
"622" 0.02 0.07 0.01 -0.15 0.03 5.5019989639921 5.36303367806948
"624" 0.19 -0.09 0.09 -0.04 0.02 7.49432187969027 6.40702947845805
"625" -0.07 0.03 -0.03 -0.14 0.04 4.60651622414963 4.63008687700046
"626" 0.07 0.04 -0.05 -0.17 -0.11 5.56628458340528 5.58833198799454
"628" -0.07 0.13 0 -0.11 -0.01 4.81159266293882 5.04262724523917
"629" -0.04 0.04 0.15 -0.18 -0.04 4.53133923946394 4.67349397590362
"630" 0.05 -0.15 0.02 -0.18 -0.1 5.04642112393578 4.73234293302349
"631" 0 0.09 -0.05 -0.11 0.09 5.69591839445338 5.42779142779143
"632" 0.14 -0.01 -0.14 -0.14 -0.1 6.38340262189696 6.01954549705415
"633" 0 -0.04 -0.12 -0.09 0.22 5.79686275551543 5.14161169265573
"634" 0.08 0.06 0.01 0.03 0.19 7.88216074061285 6.74653428250281
"635" -0.1 -0.05 -0.01 0.01 -0.02 4.80681108794113 4.59586789508079
"636" -0.04 0.01 -0.14 -0.04 0.01 5.20607260024706 5.06161957327622
"637" -0.07 0.07 -0.12 -0.09 0.15 5.10964417112726 5.03000663198806
"638" -0.07 -0.02 -0.02 -0.05 0.06 4.99329251285049 4.77549384787296
"639" -0.11 0 0.02 0.03 -0.06 4.69550664771748 4.63702109341369
"640" 0.02 0.09 -0.09 -0.16 0.05 5.53148534314442 5.41068156834005
"641" -0.02 -0.19 -0.03 0.07 -0.11 5.20819774469047 4.66413881847823
"644" 0.1 0.09 -0.06 0.02 0.07 7.71135225597365 6.99306777030523
"645" 0 0.14 0.18 -0.12 -0.1 5.04801498226833 5.39077015283189
"646" 0.05 0.02 0.01 -0.13 0.01 5.93659100266972 5.53501516009228
"647" 0 -0.1 -0.12 0 -0.09 5.20793210163503 4.86281872022227
"648" 0 -0.01 -0.17 -0.03 -0.07 5.29479738075949 5.12019934919784
"649" 0.2 0.01 -0.09 0.01 -0.16 7.52991804911742 6.99042700005897
"651" 0.06 -0.12 0.04 0.06 0.06 6.75583418560481 5.56153192449846
"652" -0.01 0.02 0.06 0.03 0.1 6.23039222197134 5.49446829590489
"653" 0.01 -0.09 0.1 0.15 0.14 7.13357861042118 5.61248572516178
"654" 0.05 -0.23 -0.05 -0.07 0.22 6.30185020388105 5.02382481376831
"655" -0.06 -0.01 -0.04 -0.01 0.19 5.5665502264607 5.07108603605885
"656" 0.1 0.03 -0.02 -0.23 -0.09 5.71052876250184 5.57487418098946
"657" -0.2 -0.04 0.03 -0.14 0.1 3.2822855928489 3.72744766247548
"659" 0.12 -0.18 0 -0.1 -0.02 6.28378647611205 5.37576698454942
"662" -0.15 0.01 -0.04 0.09 -0.02 4.77838728101051 4.69402656813583
"663" -0.01 -0.04 0.02 -0.01 -0.02 5.37528722655368 5.06760295167818
"665" -0.02 -0.04 0.12 0.17 -0.02 6.34329052052757 5.50710043913588
"668" 0.19 0.02 -0.09 0.03 -0.09 7.97540145306752 7.15457204869303
"670" -0.04 -0.05 -0.01 -0.05 0.15 5.43213484041494 4.93843784423421
"671" 0.01 -0.05 -0.13 -0.13 0.03 5.16516356971138 4.93879756720154
"672" 0.14 0.15 -0.08 0 -0.2 7.2151310284371 7.49021153593483
"673" -0.02 -0.01 0.14 0 -0.07 5.23901233911994 5.05440931780366
"674" 0.16 -0.07 -0.02 -0.07 0.18 7.97168245029155 6.49365128522763
"675" 0.04 -0.04 0.33 0.11 -0.04 6.84694975361607 5.84985655633879
"676" 0.07 0.07 0.12 -0.01 -0.12 6.46601761213459 6.14428798095994
"677" -0.04 -0.11 0.11 0.08 0.03 5.61436597643746 5.00508741759817
"678" -0.09 -0.16 0.06 0.17 0.15 5.9304812123949 4.94781939714555
"679" -0.09 0.07 -0.06 -0.11 0.09 4.76855848795974 4.85365195377086
"680" -0.26 -0.03 0.15 0.01 0.19 3.55111636494044 3.85086607749422
"681" 0.12 -0.14 0.03 0 -0.07 6.62540344539044 5.68324803555294
"682" -0.12 0.16 -0.12 0.08 0.16 6.06117759566472 5.65164149460756
"683" -0.07 0.02 -0.18 0.15 0.02 6.15680909561823 5.49574410895081
"684" 0.11 0.08 0 0.02 0.04 7.81973462258764 7.04994652406418
"685" -0.04 -0.12 0.11 -0.07 0.05 5.01720038783887 4.62468615858104
"686" 0.02 0.11 0.02 -0.15 0.23 6.43174965798458 5.88443209714507
"687" 0.02 -0.06 -0.06 0.02 0.26 6.84376203695096 5.55629399467164
"688" -0.13 0.04 -0.23 0.05 0.15 5.24830984605986 4.98707047279808
"689" 0.1 0.01 -0.02 -0.07 -0.11 6.36055731913029 5.95421732522797
"690" 0.03 0.03 -0.01 0.03 -0.04 6.33053965386711 5.75961712118476
"691" -0.03 0.12 -0.04 0.08 -0.1 5.88479060686157 5.74362416107383
"693" 0.04 -0.1 -0.01 0.12 -0.15 6.21817264142173 5.48834772838682
"694" -0.05 -0.06 0.08 -0.03 0.12 5.28921887659553 4.83085817148049
"695" -0.13 -0.04 0.12 -0.08 0.17 4.5199165880806 4.37209121936085
"696" 0.09 -0.16 0.15 0.15 -0.05 7.25471184369563 5.83494684451087
"697" 0.04 -0.04 0.05 0.04 0.1 6.82569830918195 5.72550645450261
"698" -0.09 -0.04 0.05 0.3 -0.08 6.6009642842912 5.5592109925244
"699" -0.13 0 0.06 -0.17 -0.22 3.15318306791165 3.83752725120305
"700" -0.03 0.04 -0.05 0.02 0.13 6.12891657479846 5.44473659487768
"701" 0.01 -0.03 0.1 -0.18 -0.12 4.62697073941745 4.67048278310259
"702" 0 -0.04 -0.05 0.03 -0.06 5.50890568343318 5.16035820644221
"705" -0.05 -0.12 -0.01 -0.15 0.05 4.6676141268977 4.42479784366577
"706" 0.03 -0.03 -0.24 -0.13 0.01 5.50332717926923 5.15428505193418
"707" -0.13 -0.09 0.4 0.15 0.08 5.35589528350756 4.78454052329292
"708" -0.09 -0.01 -0.01 -0.09 0.08 4.6585822630132 4.55896465591109
"709" 0.08 -0.13 0.1 0.07 -0.08 6.6551554675982 5.63165127948164
"710" 0.01 0.15 0.06 0.06 0.1 7.22283467704446 6.67899478425795
"711" -0.01 0.09 0.02 0.01 0.14 6.4893942010121 5.81092843326886
"712" 0.08 -0.08 0.1 0.05 -0.17 6.19798376920933 5.63582376343926
"713" -0.11 -0.11 0.04 -0.03 -0.13 4.07974604523902 4.18802341955088
"714" 0.05 -0.05 0.14 0.03 0.02 6.44928209964272 5.54618801167892
"716" -0.14 -0.1 -0.03 0.19 -0.11 5.02384146422453 4.64494346733668
"717" 0.01 -0.07 -0.14 -0.01 -0.17 5.16914821554278 4.91827091685641
"718" 0.11 -0.11 0.1 0.15 -0.05 7.66592729349574 6.19402524839386
"719" -0.08 0.03 0.04 -0.05 0.08 5.07032899892416 4.93592862935929
"720" 0.08 0.03 0.06 0.08 0.02 7.57162400881936 6.64609876803201
"721" -0.02 0.18 -0.06 -0.14 -0.1 4.85940841291557 5.39658482368395
"722" -0.07 0.13 0.02 -0.01 -0.02 5.22971483218001 5.32203692143049
"723" 0.02 -0.16 -0.03 0.1 -0.1 5.78942474996348 5.10529011487525
"724" 0.13 -0.03 -0.07 0.07 -0.17 7.08788800488784 6.36464299350897
"725" -0.06 -0.1 0.08 -0.03 -0.06 4.71728937826244 4.51965304368211
"726" -0.26 0.11 -0.16 -0.06 -0.08 2.75259334032861 3.64456916382381
"727" 0.02 0.05 -0.11 0.03 -0.16 5.67865159585067 5.55525752041778
"728" 0.16 -0.05 -0.02 0.14 -0.14 7.88561410033338 6.8687949482547
"729" 0.13 -0.14 -0.02 -0.02 -0.25 6.10208662620039 5.59824393275138
"730" 0.06 0.17 0.15 -0.11 -0.02 6.40916999827333 6.43195243525379
"731" 0.04 0.08 0.04 -0.14 0.17 6.5717435481943 5.98200940952037
"732" 0.12 -0.16 -0.08 -0.01 -0.11 6.4359999468714 5.57221649157801
"733" 0.13 -0.08 0.02 0.07 -0.1 7.25311798536307 6.26287670089323
"734" -0.16 -0.03 0.17 0.1 -0.05 4.62883024080543 4.49915165225822
"735" -0.11 0.2 0.09 -0.14 0.21 4.94574240592916 5.1680544471828
"736" 0.06 -0.06 -0.02 -0.21 0 5.45949607512387 5.16946861644782
"737" -0.02 -0.07 0.06 0.11 -0.01 5.91826163184529 5.25837928209106
"738" -0.04 0.11 -0.05 0.04 0.04 6.02983171512439 5.7110127826942
"739" 0 0.11 -0.09 -0.2 0.13 5.37767801405252 5.28947604924958
"740" -0.05 0.11 0 -0.18 0.04 4.77679342267796 5.04202465446395
"741" -0.04 0.11 0.06 0.1 -0.06 5.94588850960965 5.75789367497226
"742" 0.11 0.06 0.02 0.05 -0.17 7.02546188686263 6.66003202928392
"743" -0.02 -0.05 0.2 -0.07 0.11 5.40450796265059 4.96022303434356
"744" -0.04 0.1 0.09 -0.18 0.04 4.86233048652526 5.05975578072227
"745" -0.06 -0.1 0.24 0.06 -0.19 4.74252546852795 4.61764241754774
"746" -0.05 -0.07 0.02 -0.06 -0.08 4.6545976171818 4.53731833483866
"747" 0.03 -0.02 -0.07 0.04 0.15 6.95347261884208 5.81395955549312
"748" 0.05 0.06 -0.06 0.11 -0.1 6.94311253968044 6.21828725277001
"749" 0.09 -0.04 -0.07 0.01 -0.03 6.88812442720716 5.94716018990681
"750" 0.12 0.08 -0.14 -0.04 -0.1 6.91947030774749 6.6270296900415
"751" -0.09 -0.03 -0.09 -0.04 0.07 4.90483337539349 4.67464458369711
"752" 0.06 -0.06 -0.06 -0.06 0.1 6.3374463733082 5.5329841967921
"753" 0.04 -0.03 0.01 0.24 0.16 8.53112672501959 6.59150707743547
"754" -0.06 0.05 0.12 0.05 0.08 5.87602438603249 5.3683530297595
"755" -0.03 0.09 0.14 -0.16 -0.12 4.58845249638062 4.93372011060659
"756" -0.05 -0.05 0 -0.07 0 4.82274967126672 4.64022836709189
"757" 0.12 0.09 0.17 0.13 -0.05 8.44373015978431 7.68827875179182
"758" 0.01 -0.07 -0.01 0 -0.04 5.60081818061072 5.18587762669963
"759" 0.06 0.02 0.16 -0.03 0.11 6.87457663138042 6.01421085353939
"760" 0.05 -0.19 0.01 0.04 -0.1 5.86141401798403 5.13689700130378
"761" -0.01 0.03 -0.04 0.11 0.11 6.80869715363468 5.7978878737623
"762" -0.16 0.07 -0.04 0 -0.05 4.20433263823402 4.44054390330608
"763" 0.1 0.08 0.16 0.18 0.03 8.84166345681308 7.75777119898499
"765" -0.16 0.08 0.06 -0.14 0.11 4.03007079387429 4.30781290828325
"766" 0.05 -0.03 -0.05 -0.11 0.09 6.14591773034575 5.49325517669099
"769" -0.01 0.19 0.09 -0.03 0.11 6.40093506355512 6.25857639366129
"770" -0.19 -0.01 0.12 0.02 -0.12 3.7136899148614 4.11248815914114
"772" -0.06 -0.14 0.05 0.02 0.12 5.15745992110401 4.70673153613017
"773" 0.04 -0.08 -0.06 0.04 -0.3 5.36492714739206 5.10391994253099
"776" -0.19 0.17 -0.03 0.04 0 4.26622747014836 4.72563390341767
"777" 0.06 -0.2 0.08 -0.32 0.11 5.2507006335587 4.75453970814155
"779" -0.07 0.03 -0.05 0.02 0.03 5.36519279044749 5.16510124337166
"780" -0.04 0.09 -0.08 -0.1 0.06 5.23210561967885 5.23105811660877
"781" -0.01 -0.07 0.04 -0.08 0.03 5.1763205780393 4.84990778709416
"782" 0.14 -0.01 0 -0.04 -0.04 7.14606383402623 6.45205116894575
"783" 0.04 -0.06 0.04 0.02 -0.06 6.00459562485888 5.38564323530533
"784" -0.25 -0.02 -0.06 -0.03 0.01 3.01425174992364 3.62716435104978
"785" 0 -0.14 0.12 -0.07 0.01 5.19385301969744 4.72562340153453
"786" 0.01 -0.06 -0.04 0.01 0.22 6.43228094409542 5.37300110396848
"787" 0.02 0.01 0.11 -0.25 -0.2 4.36132768399103 4.60194084165345
"788" -0.28 0 0.23 -0.06 -0.01 2.33845581691881 3.32076223464086
"789" -0.05 -0.01 0.16 -0.02 0.18 5.5814262375646 5.07347267924146
"790" 0.14 0.04 0.08 -0.15 -0.07 6.54278845515281 6.23533064265756
"791" 0 0.17 0.02 0.08 -0.12 6.20993770670351 6.30827266741153
"792" 0.01 0.02 -0.03 -0.03 0.06 5.89594761518947 5.36879068174033
"793" -0.16 0.19 -0.02 -0.02 0.14 4.78290321295276 5.00252406025376
"795" -0.16 -0.1 0.09 0.02 -0.02 4.08426197718126 4.12223447262036
"796" 0.03 -0.15 0 -0.02 0.21 6.48142490934931 5.27530098504196
"797" -0.06 0.01 -0.15 -0.1 -0.1 4.44128624367438 4.59082458632703
"798" -0.07 0.11 0.22 -0.16 -0.03 4.49866514364648 4.82228439173548
"799" -0.05 0.19 -0.06 -0.05 0.01 5.53228227231071 5.6896850308475
"800" 0.03 0.19 -0.06 -0.05 0.12 6.89157778692771 6.78193146417446
"801" 0.08 -0.13 -0.15 -0.04 -0.25 5.55140857230141 5.10583016476553
"802" 0.01 -0.02 0.06 -0.07 0.14 5.93021556933948 5.28516346694514
"803" -0.01 0.04 -0.07 -0.05 0.17 6.03142557345695 5.39763099448877
"804" 0.02 -0.02 -0.06 0.07 -0.13 5.81625469856154 5.40892691702399
"805" 0.14 0 -0.01 -0.05 0.1 7.8253131267516 6.67660448094261
"806" -0.01 0.21 0.14 0.08 -0.05 6.59432320790554 6.62225418410042
"807" -0.05 0 -0.07 0.02 -0.01 5.29745381131375 5.08998876492735
"810" 0.17 -0.08 0.01 -0.06 0.04 7.40028423806931 6.32766199934875
"811" -0.13 -0.03 0.1 -0.03 -0.02 4.24949195765651 4.30502052415535
"812" 0.02 -0.06 -0.06 0.18 0.04 7.18219128956422 5.87549158784139
"813" 0.1 0.14 0.08 0.02 -0.13 7.1338442534766 7.14916048418587
"814" 0.08 -0.1 -0.04 -0.13 -0.05 5.76843894858479 5.23823838869683
"815" 0.09 0.03 -0.12 0.02 -0.18 6.45246981630783 6.05294061026085
"816" -0.05 -0.07 0.19 0.04 0 5.32242425852384 4.92119816462392
"817" -0.16 -0.08 0.06 0.15 0.02 4.94521111981832 4.54936085014631
"818" -0.01 0 -0.09 -0.02 0.05 5.60241203894327 5.20583501226902
"819" 0.04 -0.04 0.03 -0.07 0.11 6.13980794007093 5.40981377471026
"820" -0.1 0 0.1 -0.01 -0.08 4.58659299499264 4.59678093904503
"821" 0.04 -0.23 0.02 -0.3 -0.12 4.45191196589144 4.29140173410405
"822" -0.02 0.07 -0.23 -0.01 0.05 5.77959595691271 5.46678257686677
"823" -0.05 -0.17 0.07 -0.24 -0.04 3.89724926616107 4.02989485258745
"824" -0.18 0.02 0.1 -0.06 -0.13 3.40235625390164 3.95639795463867
"826" -0.1 0.04 -0.15 0.07 0.07 5.32773711963237 5.06129906260638
"827" 0.03 0.09 0.25 0 0.1 6.84455896611724 6.17479834929637
"828" 0.13 0.01 0.02 0.04 -0.01 7.75518336011901 6.79147831105127
"829" 0.03 -0.07 -0.09 -0.07 0.14 6.03726972067634 5.28125241732612
"830" 0.08 0.03 0 -0.07 0.01 6.62354394400245 6.01705657563613
"831" 0.13 0.11 0.01 -0.16 -0.08 6.62354394400245 6.62808093333227
"832" -0.03 -0.11 0.13 -0.12 0.08 4.98691707952026 4.63619968849906
"833" 0.04 -0.01 0.12 0.04 0.09 6.94444075495757 5.9147276229603
"834" -0.09 -0.13 0 -0.03 -0.16 4.16129846325492 4.24374953354728
"835" 0.04 -0.11 0.02 -0.06 0.21 6.34010280386246 5.28447444551591
"837" 0.04 0.12 0.02 -0.14 -0.06 5.74373414443014 5.76275627333075
"839" 0.03 -0.06 -0.06 0.03 0.08 6.43759380520395 5.51552635352443
"840" -0.05 -0.09 0.15 0.08 -0.04 5.42602505014014 4.95421399380951
"841" -0.11 -0.07 0.04 0.02 0.19 5.24140312661878 4.70155530868116
"843" 0.01 -0.04 -0.11 0.05 0.1 6.46282989546946 5.52878606112808
"844" 0.06 0.18 -0.01 -0.19 -0.01 6.07260024704804 6.22376993273622
"846" -0.06 -0.15 0.03 -0.05 -0.11 4.4505837506143 4.35645369596597
"847" -0.12 0.12 0.02 0.05 0.07 5.28921887659553 5.22518910051946
"848" -0.07 0.12 0.18 -0.03 -0.13 4.74093161019539 5.08745809505029
"849" -0.06 -0.04 0.02 -0.02 0.07 5.15586606277146 4.8490239119753
"850" -0.02 -0.06 0.14 0 -0.04 5.27965572660017 4.94494170783393
"851" 0.05 -0.05 -0.06 -0.05 -0.11 5.61941319449057 5.30578660420574
"852" -0.02 0.03 0.05 -0.14 -0.03 4.88225371568224 4.90160204758745
"853" 0.01 -0.09 -0.06 -0.04 -0.03 5.40636746403858 5.00012145968112
"854" -0.03 0.04 0.01 -0.12 0.02 4.9943550850722 5.02136102668018
"855" 0.18 0.03 -0.07 -0.03 0.06 7.99452775305822 7.13389604620169
"857" -0.01 -0.24 0.16 -0.02 -0.07 4.93883568648808 4.44848998024274
"858" 0.04 -0.1 0.05 0.1 0.16 7.18431643400762 5.71438593766041
"860" -0.06 0 0.16 -0.07 -0.11 4.51354115475038 4.62317159886326
"862" -0.17 0.13 0 -0.11 0.02 3.86563774256533 4.33389814553328
"863" -0.1 -0.07 0.1 -0.16 -0.13 3.65445151350132 4.0221656129804
"865" 0.12 -0.25 0.1 -0.04 0.09 6.69579885507845 5.37355146557601
"866" -0.04 0.05 0.09 0.06 -0.04 5.66457251391306 5.38703041144902
"867" -0.01 0.1 -0.06 0.01 -0.19 5.2376841238428 5.39944798705625
"868" -0.05 0.04 0.12 0 0 5.320033471025 5.17499854021101
"869" -0.02 -0.04 -0.01 0.04 0.05 5.8228957749472 5.24218030624282
"870" -0.05 0 -0.19 -0.1 -0.09 4.62325173664148 4.66375312165537
"871" -0.05 0.03 0.13 -0.23 -0.23 3.77744424816374 4.2556275886908
"872" 0 0.02 0.01 -0.05 0.2 6.1626532428376 5.44206301767569
"873" 0.08 -0.01 -0.08 -0.07 0.1 6.80364993558157 5.94865262423078
"874" 0.07 -0.03 0 0.08 -0.13 6.64506103149198 5.88587246740345
"875" -0.14 -0.03 0.03 0.06 0.1 4.93378846843497 4.65325054564145
"876" -0.03 -0.07 0.12 0.03 0.17 5.89063475408094 5.09559378300891
"877" 0.17 -0.12 0.25 -0.04 0.2 7.92360105725937 6.34642751260006
"878" 0.04 0.06 0.21 -0.09 -0.02 5.8659299499263 5.6349619688595
"879" 0.02 0.11 0.06 0.15 0.11 7.70019524764575 6.81826246809705
"880" -0.14 0.01 0.01 -0.13 0.07 4.04707194942156 4.23914790996785
"881" 0.12 -0.06 -0.01 0.09 -0.05 7.49883781163251 6.32271255750554
"882" 0.14 -0.02 0.04 0.09 -0.17 7.2895110839565 6.54849592353107
"883" 0.05 -0.01 0.12 -0.03 -0.03 6.19851505532017 5.59031177531564
"884" 0.11 -0.09 -0.26 -0.05 0 6.67773512730944 5.7541561789281
"885" -0.03 0.09 0.06 0.22 0.2 8.07209552524274 6.72875226039783
"886" -0.01 -0.04 0.07 0 -0.12 5.12903611417339 4.945982446172
"887" -0.07 0.14 -0.06 -0.11 -0.02 4.7831688560082 5.07394569612941
"888" -0.02 0.09 -0.04 0.04 0 5.94641979572049 5.6252897005655
"889" 0.09 -0.04 0.06 -0.01 -0.12 6.22747014836165 5.67380032399418
"890" -0.08 0.15 0.05 0 0.08 5.6077249000518 5.5390281761214
"891" 0.09 0.14 0.23 -0.04 0.15 7.86489394201013 7.22831800262812
"892" 0.04 -0.14 -0.09 -0.04 -0.02 5.76471994580883 5.19334112149533
"893" -0.07 -0.05 -0.01 -0.11 -0.15 4.08877790912352 4.31399065650357
"894" 0.01 -0.03 0.07 0.11 -0.02 6.46176732324775 5.59550372770944
"895" 0.01 0.1 0.07 -0.11 -0.18 4.96805642258498 5.26948402948403
"896" 0.03 0.02 0.19 0.04 0.07 6.78744570920056 5.93465838522963
"900" 0.09 -0.05 -0.01 -0.11 0.03 6.2782079719481 5.59394531150082
"901" -0.01 0.02 0.08 -0.05 -0.14 4.9130683101117 4.96802821982593
"902" 0.07 0.07 -0.02 -0.03 0 6.71598772729085 6.19039881237912
"903" -0.06 -0.01 -0.04 0.03 -0.24 4.64237803663219 4.73963894312961
"904" 0.1 0.02 0.11 -0.09 -0.03 6.4933788468435 5.96197182228183
"905" 0.02 -0.04 0.2 -0.04 -0.11 5.23529333634396 5.06194908971085
"906" -0.08 -0.11 -0.09 -0.07 0.1 4.73880646575197 4.42154938085171
"907" -0.16 0.04 -0.24 0.07 -0.13 4.2635710395941 4.44528875379939
"908" 0.11 -0.09 0.07 -0.17 0.06 6.21206285114691 5.47461574559532
"909" -0.03 0.12 0.14 -0.06 -0.05 5.12186375167689 5.35200454933182
"910" -0.15 0.03 0.02 -0.06 0.04 4.18254990768904 4.35606380285256
"911" -0.03 -0.04 -0.04 0.03 -0.05 5.3553639973967 5.03149795623948
"912" 0.08 -0.03 -0.04 0.09 -8.3e-05 7.3628285672542 6.19482365425463
"913" -0.03 -0.05 -0.05 -0.13 -0.18 4.29172920346931 4.44282258737176
"914" -0.08 -0.01 -0.04 0.03 0.06 5.27832751132304 5.00301717468668
"915" 0.06 0.16 0.07 -0.01 0.05 7.2563057020282 6.83770038695412
"916" 0.03 0 0.03 -0.09 0.12 6.1233380706345 5.46755350936145
"917" 0.01 0.06 0.01 0.15 -0.07 6.74308331894434 5.98398969451602
"918" 0.04 0.13 0.06 -0.04 0.04 6.59007291901872 6.28272756513349
"919" -0.13 -0.05 0 -0.02 0.14 4.7459788282485 4.49546236895635
"920" -0.07 0.02 0.03 -0.08 -0.13 4.37700062426119 4.57782934666191
"921" -0.11 -0.05 -0.14 -0.06 0.18 4.86365870180239 4.59246199655227
"923" -0.05 -0.01 -0.11 -0.09 0.2 5.37581851266454 4.97209761349363
"924" 0.06 -0.04 0.06 -0.06 0.1 6.36215117746284 5.51052470590045
"925" -0.04 0.09 0 -0.1 0.07 5.27832751132304 5.19036964109908
"926" -0.03 -0.09 0.1 -0.09 -0.12 4.57012312555619 4.49322580645162
"927" -0.01 0.04 -0.1 -0.08 -0.08 5.05492170170942 5.10050251256281
"929" -0.01 -0.03 -0.1 0.05 0.14 6.27847361500352 5.38591531985379
"930" -0.05 -0.04 0.12 0.12 -0.07 5.62233526810025 5.20047588077407
"931" 0.04 -0.04 -0.19 0 -0.06 6.05480216233448 5.42860708393465
"932" 0.09 -0.04 -0.01 0.02 -0.02 6.92026723691377 5.95566545968383
"933" 0.02 0.17 -0.11 -0.01 0.17 7.20583352149718 6.72534441285808
"934" -0.08 -0.03 -0.13 0.06 -0.06 5.08865836974858 4.86268438145201
"937" -0.06 -0.22 0.17 -0.09 0 4.41578451035345 4.2157570893526
"938" 0.04 -0.01 0.01 -0.03 0.26 7.06796477573086 5.8161906150892
"940" 0 0.01 -0.1 0 0.17 6.25297188168259 5.43778207607995
"941" 0.03 -0.02 0.07 0.18 -0.16 6.76353783421218 5.88702214466964
"942" 0.05 -0.13 0.02 0 -0.08 5.80589461939993 5.22142857142857
"943" -0.08 -0.12 0.02 0.07 0.03 5.2738115793808 4.68060836501901
"944" 0.05 0.19 0.2 0.08 0 7.5418719866116 7.48694362821945
"945" -0.09 0.08 0.11 -0.2 0.1 4.4043618589701 4.64535216644398
"946" -0.01 -0.11 0.05 0.13 -0.03 5.95890501932554 5.25628548256286
"947" -0.03 0.09 -0.07 0.01 -0.08 5.37927187238508 5.38986013986014
"948" -0.06 -0.04 0.14 -0.06 0.11 5.12478582528657 4.81160882794094
"949" 0.04 0.09 -0.09 -0.06 -0.11 5.92091806239956 5.80391909516536
"950" 0.07 -0.01 0.06 -0.06 0.03 6.37144868440277 5.63740846876211
"951" 0.04 -0.05 -0.05 0.12 -0.09 6.66551554675983 5.69516891017773
"952" 0.22 -0.03 0.14 -0.02 0.03 7.9953246822245 6.73745259870623
"953" -0.11 -0.04 -0.12 -0.05 -0.15 4.02263278832234 4.26743814844374
"954" -0.04 -0.13 0.1 -0.19 0.12 4.69099071577522 4.38961136023917
"955" 0.16 0.01 0.1 -0.02 -0.05 7.46191342692824 6.75963048498846
"956" -0.02 0 0.17 -0.08 0.1 5.36758357794633 5.0454187036745
"958" 0.02 -0.14 -0.07 0.15 -0.18 5.93552843044801 5.24175992641423
"959" 0.04 0.06 -0.02 -0.05 -0.03 6.06622481371782 5.70931120015264
"960" 0.12 -0.03 -0.28 0.02 0.16 7.96796344751557 6.60504355800092
"961" 0 0.06 0.12 -0.04 0.17 6.22428243169654 5.56806173908169
"962" 0 0.1 -0.07 -0.03 0.14 6.29706862888337 5.77202979579804
"963" -0.03 0.1 0.07 0.02 -0.16 5.18854015858892 5.30170342558711
"964" -0.04 -0.05 0.02 0.03 -0.08 5.13594283361448 4.87243890339355
"965" 0.05 -0.15 -0.04 0.01 -0.11 5.75861015553402 5.16354679802956
"967" 0.03 0.07 -0.21 -0.13 0.08 5.93393457211546 5.58520365752286
"968" 0 -0.08 -0.02 0.09 0.16 6.5587270384784 5.38314793798342
"969" -0.04 -0.03 0.04 -0.09 0.02 4.96460306286443 4.78678571428572
"970" 0.05 0.02 0.11 -0.02 0.02 6.4490164565873 5.74216470937776
"971" -0.13 0.11 0.29 -0.1 -0.11 3.91717249531806 4.40388510403241
"972" 0.1 0.03 -0.17 0.05 -0.05 7.2764945742406 6.4875276604305
"973" -0.04 0.13 0.22 -0.12 0.09 5.27009257660482 5.30731162729714
"974" -0.12 -0.09 -0.08 0.02 -0.08 4.39612692425189 4.31406826915832
"975" 0.03 -0.07 -0.16 -0.1 -0.1 5.24220005578505 5.00743702518993
"976" -0.11 0.11 0.07 0.04 0.01 5.1340833322265 5.21329772011829
"977" 0.01 0.09 0.06 -0.08 0.09 5.90099483324258 5.60665019550409
"978" 0.04 -0.03 0 0.02 -0.07 6.14883980395544 5.48259589173066
"979" -0.05 0.06 0.14 0.14 0.17 6.91522001886067 5.92161059363474
"981" -0.01 0.06 -0.08 0.06 0.05 6.30795999415587 5.70517750031082
"982" -0.09 0.11 0.03 -0.05 0.06 5.04828062532376 5.12557471922467
"983" 0.08 -0.12 0.04 0.13 -0.11 6.98614671465952 5.82425565667672
"984" 0.1 0.01 0.15 -0.04 0 6.95559776328548 6.22077240421094
"985" -0.02 0.14 0.1 -0.03 0.03 5.80244125967938 5.6684766979265
"986" -0.15 0.17 -0.09 0 -0.13 4.29305741874645 4.84037824686431
"987" -0.05 -0.08 0.14 0.12 -0.05 5.52298476537079 5.03669653893696
"988" -0.1 -0.04 -0.04 -0.08 -0.04 4.32573151456388 4.35795178773661
"989" -0.1 0.04 -0.13 0.03 -0.2 4.46147511588678 4.66914291020522
"990" 0.09 0.09 0.03 -0.16 -0.2 5.70946619028013 6.02626010003848
"991" -0.15 -0.07 0.03 -0.05 -0.04 3.87759168005952 4.05727852797151
"992" 0.02 -0.02 -0.02 0.04 -0.14 5.58461395422971 5.29621681535559
"993" 0.03 -0.01 0.19 -0.13 -0.11 5.13594283361448 5.02104929561233
"994" -0.12 -0.05 -0.04 0.1 0.05 5.22573018634862 4.81946204550835
"995" -0.15 -0.14 -0.12 -0.04 0.04 3.98863047722775 4.04396790073505
"996" 0.14 -0.09 -0.08 0 -0.07 6.88201463693237 5.98729341221685
"998" 0.03 0.03 -0.12 -0.07 0.09 6.27634847056012 5.64879065132712
"999" 0.05 0.14 0.12 -0.08 -0.07 6.22959529280507 6.16611097880448
"1000" 0 0.25 0.02 0.01 0.05 6.7808046328149 6.65044249002493
