height weight age children
 1 1.63 77.51 45    0
 2 1.63 77.40 43    1
 3 1.84 81.43 51    1
 4 1.44 72.47 36    0
 5 1.72 80.25 41    0
 6 1.71 78.25 47    0
 7 2.07 85.39 27    0
 8 1.27 76.27 49    1
 9 1.86 81.14 47    1
10 1.74 79.63 39    1
11 1.41 76.34 30    0
12 1.97 83.79 33    0
13 1.57 81.00 46    1
14 1.35 77.88 26    0
15 1.30 72.49 37    1
16 1.50 76.34 55    1
17 1.70 82.15 41    0
18 1.82 79.54 43    0
19 1.91 81.98 41    1
20 1.85 81.28 43    0
21 1.60 79.17 41    1
22 2.02 83.65 53    1
23 1.77 77.69 39    0
24 1.79 81.23 42    0
25 1.68 79.76 28    1
26 1.61 74.86 33    0
27 1.82 81.52 35    0
28 2.16 82.05 50    1
29 1.58 82.14 27    0
30 1.66 78.99 38    0
					     
					     
