    acidity_fixed citric chlorides SO2tot alcohol quality
1             7.4   0.00     0.076     34     9.4     5.1
2             7.8   0.00     0.098     67     9.8     5.0
3             7.8   0.04     0.092     54     9.8     3.3
4            11.2   0.56     0.075     60     9.8     5.5
5             7.4   0.00     0.076     34     9.4     7.2
6             7.4   0.00     0.075     40     9.4     5.4
7             7.9   0.06     0.069     59     9.4     4.0
8             7.3   0.00     0.065     21    10.0     7.5
9             7.8   0.02     0.073     18     9.5     6.7
10            7.5   0.36     0.071    102    10.5     3.4
11            6.7   0.08     0.097     65     9.2     5.7
12            7.5   0.36     0.071    102    10.5     4.9
13            5.6   0.00     0.089     59     9.9     5.6
14            7.8   0.29     0.114     29     9.1     5.5
15            8.9   0.18     0.176    145     9.2     5.3
16            8.9   0.19     0.170    148     9.2     5.0
17            8.5   0.56     0.092    103    10.5     9.9
18            8.1   0.28     0.368     56     9.3     5.4
19            7.4   0.08     0.086     29     9.0     4.4
20            7.9   0.51     0.341     56     9.2     7.1
21            8.9   0.48     0.077     60     9.4     8.2
22            7.6   0.31     0.082     71     9.7     3.9
23            7.9   0.21     0.106     37     9.5     3.2
24            8.5   0.11     0.084     67     9.4     4.7
25            6.9   0.14     0.085     40     9.7     6.1
26            6.3   0.16     0.080     23     9.3     3.3
27            7.6   0.24     0.080     11     9.5     5.3
28            7.9   0.21     0.106     37     9.5     5.2
29            7.1   0.00     0.080     35     9.4     6.2
30            7.8   0.00     0.082     16     9.8     5.4
31            6.7   0.07     0.089     82    10.1     5.1
32            6.9   0.00     0.105     37    10.6     6.6
33            8.3   0.12     0.083    113     9.8     5.0
34            6.9   0.12     0.073     83     9.4     5.8
35            5.2   0.25     0.103     50     9.2     4.7
36            7.8   0.00     0.086     18     9.6     6.5
37            7.8   0.14     0.086     15    10.8     6.3
38            8.1   0.28     0.066     30     9.7     5.5
39            5.7   0.09     0.172     19     9.8     5.3
40            7.3   0.36     0.074     87    10.5     4.6
41            7.3   0.36     0.074     87    10.5     6.6
42            8.8   0.30     0.088     46     9.3     4.9
43            7.5   0.20     0.332     14    10.5     6.3
44            8.1   0.22     0.069     23    10.3     6.3
45            6.8   0.02     0.050     11     9.5     4.4
46            4.6   0.15     0.054     65    13.1     2.1
47            7.7   0.43     0.114    114     9.2     5.1
48            8.7   0.52     0.113     37     9.5     3.7
49            6.4   0.23     0.066     12     9.2     5.9
50            5.6   0.37     0.074     96     9.2     4.2
51            8.8   0.26     0.074     23     9.2     4.4
52            6.6   0.04     0.069     15     9.4     6.3
53            6.6   0.04     0.068     14     9.4     6.5
54            8.6   0.36     0.081    119     9.4     4.6
55            7.6   0.15     0.110     73    10.2     6.2
56            7.7   0.04     0.084     45     9.5     6.6
57           10.2   0.57     0.070     10     9.6     3.3
58            7.5   0.12     0.111    110     9.4     3.7
59            7.8   0.18     0.076     54    10.0     5.7
60            7.3   0.31     0.074     46     9.4     5.5
61            8.8   0.40     0.079     52     9.2     4.9
62            7.7   0.49     0.115    112     9.3     3.2
63            7.5   0.16     0.085     35     9.5     6.2
64            7.0   0.05     0.081     54     9.8     1.3
65            7.2   0.05     0.086     11    10.9     5.4
66            7.2   0.05     0.086     11    10.9     5.9
67            7.5   0.11     0.079     39     9.6     7.1
68            6.6   0.07     0.076     15    10.7     4.1
69            9.3   0.57     0.074     65    10.7     4.4
70            8.0   0.05     0.074     19    10.5     5.1
71            7.7   0.08     0.076     27     9.5     7.9
72            7.7   0.23     0.088     96     9.5     5.7
73            7.7   0.22     0.084     94     9.5     6.9
74            8.3   0.26     0.084     43     9.2     3.7
75            9.7   0.54     0.094     83     9.6     6.3
76            8.8   0.64     0.093     42    10.5     4.0
77            8.8   0.64     0.093     42    10.5     5.0
78            6.8   0.00     0.104     30    10.7     6.9
79            6.7   0.12     0.086     80    10.1     3.3
80            8.3   0.20     0.080    119     9.1     5.6
81            6.2   0.20     0.069     15     9.2     3.4
82            7.8   0.70     0.464     67     9.4     3.8
83            7.4   0.47     0.086     73     9.1     4.4
84            7.3   0.26     0.401     51     9.4     5.4
85            6.3   0.48     0.069     61    10.3     7.2
86            6.9   0.15     0.076     40    10.1     5.2
87            8.6   0.28     0.110    136     9.9     5.0
88            7.7   0.26     0.062     31     9.6     5.5
89            9.3   0.44     0.107    125     9.5     4.1
90            7.0   0.08     0.076     24     9.0     4.9
91            7.9   0.26     0.079    140     9.5     5.3
92            8.6   0.28     0.110    136     9.9     5.5
93            8.6   0.29     0.110    133     9.8     5.1
94            7.7   0.26     0.062     31     9.6     5.5
95            5.0   0.04     0.045     85    10.5     2.9
96            4.7   0.17     0.058    106    12.9     6.0
97            6.8   0.00     0.102     23    10.7     6.5
98            7.0   0.25     0.070     22     9.2     6.1
99            7.6   0.06     0.079     10     9.8     6.3
100           8.1   0.18     0.080     35     9.0     6.9
